Channel 1,Channel 2,Channel 3,Channel 4
0.000,23.200,1002.600,47.800
1.000,23.330,1002.600,46.150
0.000,23.200,1002.600,47.570
1.000,23.340,1002.610,46.050
0.000,23.200,1002.610,47.410
1.000,23.350,1002.600,46.000
0.000,23.200,1002.590,47.370
1.000,23.370,1002.610,47.090
0.000,23.200,1002.600,47.400
1.000,23.390,1002.600,46.990
0.000,23.200,1002.600,47.720
1.000,23.400,1002.610,47.190
0.000,23.200,1002.600,48.420
1.000,23.410,1002.620,46.880
0.000,23.200,1002.590,48.510
1.000,23.430,1002.620,49.110
0.000,23.200,1002.590,48.170
1.000,23.430,1002.620,49.110
0.000,23.200,1002.600,48.230
1.000,23.450,1002.630,49.630
0.000,23.210,1002.620,48.220
1.000,23.460,1002.600,49.790
0.000,23.210,1002.590,48.240
1.000,23.480,1002.630,49.780
0.000,23.210,1002.610,48.380
1.000,23.490,1002.640,50.110
0.000,23.210,1002.610,48.380
1.000,23.500,1002.650,49.840
0.000,23.200,1002.580,48.050
1.000,23.510,1002.620,48.880
0.000,23.210,1002.640,47.760
1.000,23.530,1002.630,48.460
0.000,23.210,1002.620,47.520
1.000,23.540,1002.630,48.540
0.000,23.200,1002.610,47.410
1.000,23.540,1002.660,48.240
0.000,23.200,1002.600,47.410
1.000,23.550,1002.640,47.750
0.000,23.200,1002.600,47.420
1.000,23.560,1002.640,47.070
0.000,23.210,1002.600,47.560
1.000,23.570,1002.610,46.510
0.000,23.210,1002.610,48.370
1.000,23.580,1002.610,46.390
0.000,23.210,1002.600,49.060
1.000,23.580,1002.620,46.450
0.000,23.210,1002.590,49.000
1.000,23.580,1002.620,46.450
0.000,23.210,1002.600,48.670
1.000,23.600,1002.590,46.840
0.000,23.210,1002.600,48.330
1.000,23.610,1002.580,46.870
0.000,23.210,1002.620,48.060
1.000,23.610,1002.590,46.650
0.000,23.220,1002.610,48.050
1.000,23.610,1002.590,45.670
0.000,23.220,1002.620,48.010
1.000,23.610,1002.590,45.250
0.000,23.220,1002.620,48.010
1.000,23.620,1002.610,44.920
0.000,23.220,1002.600,47.850
1.000,23.630,1002.600,44.870
0.000,23.220,1002.600,47.920
1.000,23.630,1002.590,44.920
0.000,23.220,1002.590,48.110
1.000,23.640,1002.590,44.870
0.000,23.220,1002.620,48.010
1.000,23.640,1002.580,44.800
0.000,23.210,1002.590,47.880
1.000,23.650,1002.590,44.720
0.000,23.210,1002.570,47.720
1.000,23.650,1002.560,44.680
0.000,23.210,1002.600,47.940
1.000,23.660,1002.580,44.630
0.000,23.210,1002.610,48.360
1.000,23.670,1002.570,44.580
0.000,23.210,1002.580,48.430
1.000,23.680,1002.580,44.570
0.000,23.220,1002.590,48.350
1.000,23.680,1002.580,44.570
0.000,23.210,1002.590,48.330
1.000,23.680,1002.600,44.580
0.000,23.220,1002.590,48.070
1.000,23.690,1002.580,44.570
0.000,23.220,1002.600,47.840
1.000,23.690,1002.600,44.530
0.000,23.220,1002.590,47.650
1.000,23.690,1002.570,44.490
0.000,23.220,1002.590,47.650
1.000,23.700,1002.570,44.460
0.000,23.220,1002.620,47.490
1.000,23.710,1002.590,44.410
0.000,23.210,1002.600,47.400
1.000,23.710,1002.600,44.360
0.000,23.220,1002.600,47.440
1.000,23.720,1002.570,44.290
0.000,23.220,1002.610,47.670
1.000,23.720,1002.560,44.220
0.000,23.220,1002.590,47.540
1.000,23.720,1002.570,44.150
0.000,23.210,1002.600,47.560
1.000,23.730,1002.570,44.100
0.000,23.220,1002.610,48.260
1.000,23.740,1002.550,44.040
0.000,23.220,1002.600,48.550
1.000,23.740,1002.560,44.040
0.000,23.220,1002.580,48.520
1.000,23.760,1002.560,44.030
0.000,23.220,1002.580,48.180
1.000,23.760,1002.560,44.030
0.000,23.220,1002.610,47.940
1.000,23.760,1002.570,43.990
0.000,23.220,1002.580,47.860
1.000,23.770,1002.550,43.960
0.000,23.220,1002.590,47.750
1.000,23.770,1002.580,43.910
0.000,23.220,1002.590,48.040
1.000,23.780,1002.550,43.890
0.000,23.220,1002.570,48.580
1.000,23.790,1002.580,43.890
0.000,23.220,1002.570,48.290
1.000,23.790,1002.560,43.880
0.000,23.220,1002.570,48.290
1.000,23.800,1002.560,43.850
0.000,23.220,1002.590,47.940
1.000,23.800,1002.550,43.730
0.000,23.210,1002.570,47.990
1.000,23.810,1002.560,43.790
0.000,23.220,1002.570,48.380
1.000,23.820,1002.570,43.790
0.000,23.220,1002.600,48.510
1.000,23.820,1002.560,44.140
0.000,23.220,1002.580,48.280
1.000,23.830,1002.560,45.350
0.000,23.210,1002.600,48.170
1.000,23.840,1002.570,45.540
0.000,23.220,1002.580,48.540
1.000,23.840,1002.580,45.490
0.000,23.210,1002.580,48.710
1.000,23.840,1002.580,45.490
0.000,23.210,1002.590,48.160
1.000,23.850,1002.590,46.020
0.000,23.220,1002.600,47.800
1.000,23.870,1002.550,46.010
0.000,23.220,1002.620,47.730
1.000,23.870,1002.580,45.880
0.000,23.220,1002.580,47.710
1.000,23.890,1002.580,46.460
0.000,23.210,1002.560,47.520
1.000,23.890,1002.560,47.030
0.000,23.220,1002.590,47.410
1.000,23.900,1002.580,46.780
0.000,23.220,1002.580,47.330
1.000,23.910,1002.560,46.400
0.000,23.220,1002.580,47.330
1.000,23.920,1002.530,46.230
0.000,23.220,1002.540,47.360
1.000,23.930,1002.580,46.020
0.000,23.220,1002.560,47.330
1.000,23.930,1002.580,45.910
0.000,23.220,1002.540,47.310
1.000,23.940,1002.580,45.530
0.000,23.220,1002.550,47.270
1.000,23.950,1002.590,45.380
0.000,23.220,1002.580,47.260
1.000,23.950,1002.570,45.230
0.000,23.220,1002.550,47.250
1.000,23.950,1002.580,44.980
0.000,23.220,1002.580,47.240
1.000,23.950,1002.580,44.980
0.000,23.230,1002.590,47.240
1.000,23.960,1002.580,44.750
0.000,23.220,1002.550,47.280
1.000,23.960,1002.600,44.530
0.000,23.230,1002.570,47.270
1.000,23.970,1002.560,44.280
0.000,23.220,1002.550,47.330
1.000,23.970,1002.570,44.250
0.000,23.220,1002.550,47.630
1.000,23.980,1002.580,44.230
0.000,23.230,1002.580,48.420
1.000,23.980,1002.560,44.120
0.000,23.220,1002.560,48.400
1.000,23.990,1002.570,43.980
0.000,23.220,1002.560,48.400
1.000,23.990,1002.580,43.910
0.000,23.220,1002.550,48.000
1.000,24.000,1002.550,43.830
0.000,23.220,1002.580,47.670
1.000,24.000,1002.560,43.710
0.000,23.220,1002.570,47.480
1.000,24.010,1002.580,43.650
0.000,23.230,1002.600,47.380
1.000,24.010,1002.600,43.620
0.000,23.220,1002.580,47.390
1.000,24.010,1002.560,43.550
0.000,23.230,1002.590,47.400
1.000,24.020,1002.550,43.560
0.000,23.220,1002.560,47.530
1.000,24.020,1002.550,43.560
0.000,23.220,1002.580,47.640
1.000,24.020,1002.570,43.510
0.000,23.220,1002.570,47.600
1.000,24.020,1002.580,43.470
0.000,23.220,1002.570,47.570
1.000,24.020,1002.570,43.420
0.000,23.230,1002.570,47.560
1.000,24.030,1002.560,43.380
0.000,23.230,1002.580,47.780
1.000,24.030,1002.570,43.330
0.000,23.230,1002.550,47.900
1.000,24.040,1002.580,43.310
0.000,23.230,1002.570,48.030
1.000,24.040,1002.590,43.320
0.000,23.230,1002.590,47.690
1.000,24.050,1002.580,43.340
0.000,23.230,1002.590,47.690
1.000,24.050,1002.610,43.330
0.000,23.220,1002.560,47.510
1.000,24.050,1002.570,43.310
0.000,23.230,1002.580,47.420
1.000,24.060,1002.580,43.280
0.000,23.230,1002.590,47.340
1.000,24.060,1002.590,43.260
0.000,23.220,1002.560,47.270
1.000,24.060,1002.560,43.240
0.000,23.230,1002.580,47.380
1.000,24.060,1002.550,43.210
0.000,23.220,1002.570,47.840
1.000,24.060,1002.550,43.210
0.000,23.230,1002.590,47.670
1.000,24.070,1002.560,43.190
0.000,23.220,1002.580,47.490
1.000,24.070,1002.560,43.190
0.000,23.220,1002.570,47.910
1.000,24.070,1002.580,43.180
0.000,23.230,1002.600,48.150
1.000,24.080,1002.550,43.190
0.000,23.230,1002.530,48.440
1.000,24.080,1002.570,43.150
0.000,23.230,1002.560,48.630
1.000,24.080,1002.580,43.120
0.000,23.230,1002.580,48.410
1.000,24.080,1002.570,43.110
0.000,23.220,1002.580,48.010
1.000,24.090,1002.550,43.170
0.000,23.220,1002.580,48.010
1.000,24.090,1002.570,43.060
0.000,23.230,1002.590,47.770
1.000,24.090,1002.560,43.040
0.000,23.230,1002.550,47.680
1.000,24.100,1002.570,43.030
0.000,23.230,1002.540,47.480
1.000,24.100,1002.560,43.020
0.000,23.230,1002.560,47.360
1.000,24.100,1002.540,43.020
0.000,23.230,1002.590,47.290
1.000,24.110,1002.570,43.040
0.000,23.230,1002.560,47.280
1.000,24.110,1002.570,43.040
0.000,23.230,1002.570,47.470
1.000,24.110,1002.560,43.080
0.000,23.230,1002.560,47.360
1.000,24.110,1002.560,43.100
0.000,23.230,1002.540,47.340
1.000,24.120,1002.560,43.130
0.000,23.230,1002.560,47.390
1.000,24.130,1002.560,43.140
0.000,23.230,1002.580,47.380
1.000,24.130,1002.540,43.140
0.000,23.220,1002.630,47.270
1.000,24.130,1002.610,43.130
0.000,23.220,1002.550,47.410
1.000,24.140,1002.550,43.120
0.000,23.230,1002.570,47.850
1.000,24.140,1002.530,43.100
0.000,23.230,1002.540,48.250
1.000,24.140,1002.520,43.080
0.000,23.230,1002.540,48.250
1.000,24.140,1002.500,43.060
0.000,23.230,1002.540,48.640
1.000,24.140,1002.560,43.010
0.000,23.220,1002.530,48.100
1.000,24.150,1002.580,42.930
0.000,23.230,1002.570,48.390
1.000,24.150,1002.560,42.870
0.000,23.230,1002.560,48.420
1.000,24.150,1002.560,42.840
0.000,23.220,1002.550,47.910
1.000,24.150,1002.560,42.840
0.000,23.220,1002.540,47.700
1.000,24.140,1002.560,42.810
0.000,23.230,1002.560,48.130
1.000,24.150,1002.540,42.800
0.000,23.230,1002.580,48.110
1.000,24.150,1002.540,42.770
0.000,23.220,1002.570,47.830
1.000,24.160,1002.540,42.750
0.000,23.220,1002.560,47.630
1.000,24.160,1002.580,42.750
0.000,23.220,1002.540,47.480
1.000,24.160,1002.560,42.750
0.000,23.220,1002.540,47.440
1.000,24.160,1002.550,42.750
0.000,23.220,1002.560,47.320
1.000,24.170,1002.550,42.760
0.000,23.220,1002.540,47.250
1.000,24.180,1002.560,42.760
0.000,23.230,1002.560,47.200
1.000,24.180,1002.540,42.780
0.000,23.230,1002.560,47.200
1.000,24.180,1002.530,42.790
0.000,23.220,1002.560,47.200
1.000,24.180,1002.510,42.790
0.000,23.220,1002.540,47.170
1.000,24.190,1002.520,42.790
0.000,23.220,1002.550,47.170
1.000,24.200,1002.540,42.800
0.000,23.220,1002.550,47.140
1.000,24.200,1002.540,42.800
0.000,23.210,1002.550,47.130
1.000,24.210,1002.540,42.810
0.000,23.220,1002.560,47.180
1.000,24.210,1002.520,42.810
0.000,23.220,1002.560,47.480
1.000,24.210,1002.530,42.790
0.000,23.220,1002.550,47.670
1.000,24.210,1002.540,42.780
0.000,23.220,1002.560,47.490
1.000,24.210,1002.520,42.770
0.000,23.220,1002.550,47.330
1.000,24.220,1002.520,42.730
0.000,23.220,1002.540,47.270
1.000,24.220,1002.530,42.750
0.000,23.220,1002.550,47.350
1.000,24.220,1002.520,42.740
0.000,23.230,1002.590,47.550
1.000,24.220,1002.520,42.730
0.000,23.220,1002.560,48.000
1.000,24.230,1002.520,42.710
0.000,23.220,1002.550,47.970
1.000,24.230,1002.530,42.720
0.000,23.220,1002.550,47.970
1.000,24.230,1002.550,42.710
0.000,23.220,1002.540,47.740
1.000,24.240,1002.550,42.720
0.000,23.220,1002.550,47.620
1.000,24.240,1002.550,42.720
0.000,23.220,1002.560,47.550
1.000,24.240,1002.550,42.720
0.000,23.220,1002.550,47.550
1.000,24.240,1002.550,42.700
0.000,23.230,1002.560,47.500
1.000,24.240,1002.520,42.690
0.000,23.230,1002.540,47.540
1.000,24.250,1002.540,42.690
0.000,23.230,1002.550,47.620
1.000,24.250,1002.540,42.690
0.000,23.230,1002.570,47.670
1.000,24.250,1002.530,42.720
0.000,23.230,1002.590,47.480
1.000,24.250,1002.520,42.730
0.000,23.230,1002.560,47.380
1.000,24.260,1002.560,42.750
0.000,23.230,1002.550,47.330
1.000,24.260,1002.550,42.780
0.000,23.230,1002.530,47.510
1.000,24.260,1002.530,42.790
0.000,23.240,1002.580,47.600
1.000,24.260,1002.550,42.800
0.000,23.240,1002.550,47.860
1.000,24.260,1002.540,42.810
0.000,23.240,1002.550,47.860
1.000,24.270,1002.520,42.810
0.000,23.240,1002.560,47.620
1.000,24.270,1002.510,42.770
0.000,23.240,1002.540,47.410
1.000,24.280,1002.530,42.800
0.000,23.240,1002.560,47.290
1.000,24.280,1002.530,42.800
0.000,23.230,1002.530,47.260
1.000,24.280,1002.520,42.770
0.000,23.240,1002.550,47.310
1.000,24.280,1002.560,42.770
0.000,23.250,1002.540,47.590
1.000,24.280,1002.550,42.660
0.000,23.240,1002.560,47.750
1.000,24.280,1002.510,42.740
0.000,23.240,1002.530,48.090
1.000,24.290,1002.530,42.740
0.000,23.240,1002.510,48.200
1.000,24.290,1002.530,42.730
0.000,23.250,1002.550,47.970
1.000,24.290,1002.530,42.730
0.000,23.240,1002.560,47.870
1.000,24.290,1002.520,42.730
0.000,23.240,1002.550,48.090
1.000,24.300,1002.540,42.720
0.000,23.250,1002.550,48.480
1.000,24.300,1002.500,42.720
0.000,23.240,1002.560,48.710
1.000,24.300,1002.540,42.740
0.000,23.240,1002.540,48.760
1.000,24.310,1002.530,43.380
0.000,23.240,1002.540,48.760
1.000,24.320,1002.540,44.110
0.000,23.250,1002.560,48.350
1.000,24.320,1002.550,44.320
0.000,23.240,1002.570,47.980
1.000,24.320,1002.550,44.320
0.000,23.250,1002.550,47.970
1.000,24.330,1002.540,44.460
0.000,23.250,1002.560,47.740
1.000,24.350,1002.520,44.190
0.000,23.250,1002.540,47.490
1.000,24.340,1002.520,43.640
0.000,23.250,1002.520,47.370
1.000,24.340,1002.500,43.250
0.000,23.240,1002.510,47.280
1.000,24.350,1002.530,43.580
0.000,23.240,1002.560,47.280
1.000,24.360,1002.530,44.530
0.000,23.250,1002.550,47.290
1.000,24.370,1002.530,44.020
0.000,23.250,1002.560,47.240
1.000,24.370,1002.520,44.640
0.000,23.250,1002.540,47.210
1.000,24.380,1002.530,43.800
0.000,23.250,1002.550,47.200
1.000,24.380,1002.520,43.260
0.000,23.250,1002.560,47.210
1.000,24.390,1002.570,42.940
0.000,23.250,1002.550,47.200
1.000,24.410,1002.560,42.800
0.000,23.250,1002.550,47.180
1.000,24.410,1002.530,42.810
0.000,23.250,1002.550,47.180
1.000,24.420,1002.560,44.550
0.000,23.250,1002.560,47.160
1.000,24.420,1002.560,44.550
0.000,23.250,1002.550,47.610
1.000,24.420,1002.550,45.900
0.000,23.250,1002.520,47.560
1.000,24.430,1002.550,44.500
0.000,23.250,1002.550,48.110
1.000,24.430,1002.550,43.610
0.000,23.250,1002.540,48.560
1.000,24.440,1002.550,44.530
0.000,23.250,1002.520,48.370
1.000,24.440,1002.540,45.890
0.000,23.250,1002.570,47.820
1.000,24.440,1002.570,45.210
0.000,23.250,1002.550,47.560
1.000,24.450,1002.540,44.480
0.000,23.250,1002.520,47.490
1.000,24.450,1002.560,44.340
0.000,23.240,1002.530,47.410
1.000,24.470,1002.540,44.950
0.000,23.250,1002.540,47.300
1.000,24.470,1002.540,45.120
0.000,23.250,1002.540,47.230
1.000,24.480,1002.570,45.810
0.000,23.240,1002.550,47.180
1.000,24.480,1002.540,46.250
0.000,23.250,1002.550,47.160
1.000,24.490,1002.560,45.580
0.000,23.250,1002.560,47.520
1.000,24.500,1002.520,45.370
0.000,23.250,1002.560,47.520
1.000,24.500,1002.520,45.370
0.000,23.240,1002.560,47.440
1.000,24.500,1002.550,44.880
0.000,23.240,1002.570,47.260
1.000,24.500,1002.560,45.770
0.000,23.250,1002.540,47.250
1.000,24.510,1002.550,45.900
0.000,23.240,1002.550,47.630
1.000,24.500,1002.550,44.570
0.000,23.250,1002.570,48.280
1.000,24.510,1002.540,44.570
0.000,23.250,1002.550,48.820
1.000,24.510,1002.540,45.420
0.000,23.250,1002.550,48.690
1.000,24.520,1002.560,46.410
0.000,23.260,1002.570,48.320
1.000,24.520,1002.560,45.580
0.000,23.250,1002.600,48.040
1.000,24.530,1002.570,46.510
0.000,23.260,1002.580,47.670
1.000,24.540,1002.560,47.790
0.000,23.250,1002.570,47.460
1.000,24.540,1002.580,47.590
0.000,23.250,1002.570,47.350
1.000,24.550,1002.580,47.860
0.000,23.250,1002.560,47.590
1.000,24.560,1002.590,48.460
0.000,23.250,1002.570,47.560
1.000,24.560,1002.590,48.590
0.000,23.250,1002.550,47.390
1.000,24.560,1002.590,48.590
0.000,23.250,1002.550,47.390
1.000,24.560,1002.580,47.940
0.000,23.250,1002.600,47.350
1.000,24.570,1002.580,47.530
0.000,23.250,1002.570,47.650
1.000,24.580,1002.580,46.870
0.000,23.260,1002.560,47.620
1.000,24.580,1002.580,46.920
0.000,23.250,1002.580,47.510
1.000,24.590,1002.580,48.200
0.000,23.260,1002.570,47.370
1.000,24.600,1002.580,48.360
0.000,23.260,1002.570,47.250
1.000,24.600,1002.550,47.040
0.000,23.250,1002.550,47.190
1.000,24.610,1002.560,46.630
0.000,23.240,1002.560,47.140
1.000,24.610,1002.570,46.790
0.000,23.250,1002.560,47.120
1.000,24.610,1002.550,45.480
0.000,23.250,1002.540,47.230
1.000,24.620,1002.560,45.950
0.000,23.250,1002.530,47.670
1.000,24.620,1002.560,46.410
0.000,23.250,1002.550,47.680
1.000,24.620,1002.590,47.220
